#pyFAI Calibration file constructed manually
#Created never...
poni_version: 2
Detector: Detector
Detector_config: {"pixel1": 7.5e-5, "pixel2": 7.5e-5, "max_shape": null}
Distance: 1.6413
Poni1: 0.050666224051202975
Poni2: 0.05056377645258418
Rot1: 0
Rot2: 0
Rot3: 0
Wavelength: 1.5406e-10
